23734
23727
23727
23691
23711
23749
23744
23779
23725
23654
23646
23663
23747
23793
23816
23788
23739
23744
23767
23761
23758
23782
23839
23848
23816
23820
23860
23862
23798
23764
23785
23890
23907
23882
23861
23830
23773
23735
23733
23778
23761
23727
23698
23756
23780
23794
23789
23807
23780
23744
23736
23767
23783
23774
23764
23794
23833
23854
23872
23871
23829
23803
23812
23789
23780
23773
23778
23778
23729
23672
23663
23657
23652
23640
23635
23641
23642
23631
23633
23644
23665
23658
23667
23685
23716
23727
23750
23737
23690
23655
23650
23663
23666
23683
23681
23670
23672
23662
23670
23684
23712
23709
23693
23710
23714
23732
23703
23743
23786
23814
23834
23851
23835
23846
23869
23900
23883
23898
23844
23792
23792
23758
23723
23686
23638
23595
23586
23574
23587
23562
23602
23577
23590
23588
23570
23522
23515
23549
23575
23603
23588
23547
23531
23561
23624
23650
23602
23618
23651
23633
23678
23821
23827
23782
23760
23691
23698
23684
23644
23651
23761
23789
23769
23723
23701
23667
23624
23601
23602
23600
23606
23626
23616
23611
23648
23688
23723
23750
23786
23829
23887
23916
23942
23917
23906
23862
23842
23878
23968
24065
24140
24185
24178
24184
24192
24189
24192
24167
24168
24198
24223
24232
24227
24216
24198
24192
24183
24160
24130
24110
24124
24149
24173
24161
24146
24146
24151
24161
24193
24206
24240
24226
24201
24187
24183
24184
24183
24205
24205
24232
24228
24232
24210
24204
24196
24161
24160
24173
24182
24209
24227
24237
24236
24269
24307
24292
24266
24236
24214
24212
24272
24343
24377
24403
24393
24394
24421
24432
24455
24452
24450
24430
24387
24358
24308
24305
24293
24305
24305
24348
24384
24416
24396
24376
24377
24382
24419
24415
24364
24301
24252
24194
24155
24090
24016
23966
23943
23949
23951
23917
23874
23851
23851
23878
23894
23843
23800
23831
23881
23898
23912
23895
23889
23885
23907
23952
23966
23948
23982
23997
23966
23929
23874
23880
23903
23885
23840
23802
23758
23716
23660
23620
23668
23676
23711
23806
23895
23947
24007
24034
24046
24096
24133
24185
24218
24221
24253
24300
24324
24321
24317
24297
24266
24214
24191
24184
24183
24169
24152
24128
24110
24088
24061
24116
24200
24290
24305
24306
24310
24286
24246
24232
24228
24208
24230
24234
24248
24233
24278
24288
24293
24274
24238
24239
24285
24358
24400
24430
24434
24450
24456
24425
24397
24383
24381
24388
24439
24465
24490
24456
24498
24475
24432
24446
24479
24485
24558
24650
24605
24573
24583
24615
24579
24603
24620
24635
24657
24637
24689
24800
24767
24653
24586
24531
24480
24442
24405
24362
24330
24312
24321
24562
24607
24539
24544
24629
24597
24553
24542
24508
24461
24415
24380
24373
24433
24484
24449
24425
24382
24375
24350
24319
24271
24210
24175
24188
24217
24278
24324
24365
24407
24489
24541
24605
24604
24578
24550
24518
24517
24529
24550
24555
24574
24565
24609
24657
24703
24708
24688
24694
24671
24703
24733
24787
24794
24797
24804
24799
24800
24777
24795
24765
24739
24718
24690
24701
24731
24748
24735
24769
24801
24860
24852
24875
24861
24872
24875
24821
24789
24754
24734
24716
24736
24748
24731
24737
24772
24776
24741
24689
24634
24607
24575
24555
24540
24526
24543
24515
24485
24445
24421
24428
24457
24470
24453
24450
24445
24494
24504
24460
24421
24373
24347
24308
24259
24220
24233
24263
24262
24316
24351
24333
24298
24251
24238
24388
24512
24383
24368
24343
24268
24224
24226
24257
24303
24265
24269
24253
24240
24249
24259
24211
24197
24234
24223
24248
24276
24268
24316
24388
24437
24479
24555
24605
24569
24569
24523
24488
24455
24445
24491
24482
24514
24464
24412
24402
24408
24448
24517
24582
24643
24707
24683
24633
24601
24545
24499
24447
24403
24381
24341
24349
24353
24386
24363
24379
24405
24404
24468
24513
24531
24527
24512
24428
24380
24352
24329
24315
24335
24366
24394
24431
24443
24415
24387
24381
24352
24328
24319
24325
24360
24404
24479
24534
24580
24575
24577
24593
24581
24540
24468
24445
24459
24491
24533
24602
24666
24705
24721
24701
24634
24573
24547
24552
24553
24550
24515
24504
24499
24499
24481
24481
24460
24445
24419
24427
24483
24521
24581
24593
24574
24530
24509
24525
24563
24624
24643
24645
24680
24783
24826
24832
24782
24711
24638
24614
24619
24678
24722
24723
24724
24737
24745
24729
24718
24720
24713
24687
24668
24650
24651
24613
24564
24516
24504
24498
24499
24498
24485
24477
24482
24512
24536
24515
24525
24488
24474
24459
24438
24444
24473
24519
24557
24615
24689
24727
24695
24640
24576
24590
24630
24558
24571
24734
24765
24688
24577
24517
24510
24524
24604
24601
24624
24572
24497
24398
24367
24364
24488
24641
24693
24584
24437
24405
24432
24743
25072
25359
26590
27678
28503
28873
29104
29189
29191
29154
29085
28629
28022
28059
28349
28506
28572
28898
29178
29148
29356
29349
29188
29352
29385